year     :    400000  albt =   0.60  solt = 127.55  irt = 127.53  albs =   0.75  sols = 246.36  tann = -45.66  pann =   0.02  dheat =   0.00  err =  -0.082
lat   (N) :
   89.00000   87.00000   85.00000   83.00000   81.00000   79.00000   77.00000   75.00000   73.00000   71.00000   69.00000   67.00000   65.00000   63.00000   61.00000   59.00000   57.00000   55.00000   53.00000   51.00000   49.00000   47.00000   45.00000   43.00000   41.00000   39.00000   37.00000   35.00000   33.00000   31.00000   29.00000   27.00000   25.00000   23.00000   21.00000   19.00000   17.00000   15.00000   13.00000   11.00000    9.00000    7.00000    5.00000    3.00000    1.00000
sol(W/m2) :
  163.02237  163.45080  164.30792  165.60126  167.34113  169.54164  172.22116  175.41219  179.15039  183.49639  188.54002  194.46113  201.73633  209.93131  218.58106  227.48358  236.51146  245.57469  254.60544  263.55026  272.36561  281.01513  289.46776  297.69660  305.67793  313.39070  320.81601  327.93681  334.73761  341.20431  347.32404  353.08507  358.47665  363.48903  368.11332  372.34149  376.16633  379.58141  382.58106  385.16035  387.31508  389.04176  390.33764  391.20062  391.62933
albt  (%) :
   64.52017   64.52017   64.52017   64.52017   64.52017   64.52017   64.52017   64.52017   64.52017   64.52017   64.52017   64.52017   64.52017   64.52017   64.52017   64.52017   64.52017   64.52017   64.52017   64.52017   64.52017   64.52017   64.52017   64.52017   64.52017   64.52017   64.52017   64.52017   64.52017   64.52017   64.52017   64.52017   64.52017   64.52017   64.52017   54.90119   54.66777   54.41834   54.18303   53.99866   53.85915   53.76422   53.71182   53.69964   53.69964
albs  (%) :
   82.00000   82.00000   82.00000   82.00000   82.00000   82.00000   82.00000   82.00000   82.00000   82.00000   82.00000   82.00000   82.00000   82.00000   82.00000   82.00000   82.00000   82.00000   82.00000   82.00000   82.00000   82.00000   82.00000   82.00000   82.00000   82.00000   82.00000   82.00000   82.00000   82.00000   82.00000   82.00000   82.00000   82.00000   82.00000   65.58116   65.16587   64.72193   64.30219   63.97257   63.72264   63.55236   63.45834   63.43649   63.43649
sos(W/m2) :
  127.86864  128.20469  128.87698  129.89143  131.25612  132.98211  135.08383  137.58675  140.51885  143.92769  147.88373  152.52803  158.23442  164.66226  171.44680  178.42960  185.51073  192.61959  199.70297  206.71895  213.63338  220.41774  227.04767  233.50206  239.76232  245.81193  251.63607  257.22135  262.55564  267.62788  272.42797  276.94670  281.17566  285.10718  288.73430  278.40674  280.93215  283.12195  285.01637  286.66737  288.06526  289.20879  290.09421  290.71741  291.03600
ta    (C) :
  -64.96682  -64.92184  -64.83164  -64.69573  -64.51341  -64.28378  -64.00580  -63.67833  -63.30019  -62.87020  -62.38725  -61.85040  -61.25890  -60.61229  -59.91047  -59.15374  -58.34289  -57.47921  -56.56458  -55.60149  -54.59305  -53.54303  -52.45585  -51.33657  -50.19088  -49.02507  -47.84597  -46.66090  -45.47761  -44.30421  -43.14906  -42.02070  -40.92775  -39.87880  -38.88229  -37.94645  -37.07914  -36.28780  -35.57930  -34.95987  -34.43504  -34.00953  -33.68719  -33.47096  -33.36283
tamax (C) :
  -34.66625  -34.67413  -34.68936  -34.71094  -34.73739  -34.76679  -34.79685  -34.82495  -34.84826  -34.86376  -34.86838  -34.85905  -34.83282  -34.78698  -34.70967  -34.60129  -34.46765  -34.30792  -34.12193  -33.91013  -33.67371  -33.41461  -33.13549  -32.83981  -32.51962  -32.18907  -31.85811  -31.53290  -31.22016  -30.92703  -30.65890  -30.41357  -30.21220  -30.06259  -29.97132  -29.93101  -29.96554  -30.06420  -30.23689  -30.47403  -30.76588  -31.09531  -31.43819  -31.76528  -32.05148
ts    (C) :
  -65.64384  -65.57809  -65.44866  -65.25806  -65.00976  -64.70747  -64.35420  -63.95185  -63.50018  -62.99736  -62.44199  -61.82940  -61.15185  -60.41803  -59.63534  -58.80610  -57.93064  -57.00970  -56.04444  -55.03660  -53.98899  -52.90478  -51.78819  -50.64395  -49.47758  -48.29510  -47.10310  -45.90877  -44.71957  -43.54335  -42.38825  -41.26251  -40.17442  -39.13223  -38.14405  -34.70604  -33.76044  -32.88995  -32.10822  -31.43026  -30.86020  -30.40277  -30.06129  -29.83802  -29.72796
to    (C) :
    0.00200    0.00200    0.00200    0.00200    0.00200    0.00200    0.00200    0.00200    0.00200    0.00200    0.00200    0.00200    0.00200    0.00200    0.00200    0.00200    0.00200    0.00200    0.00200    0.00200    0.00200    0.00200    0.00200    0.00200    0.00200    0.00200    0.00200    0.00200    0.00200    0.00200    0.00200    0.00200    0.00200    0.00200    0.00200    0.00200    0.00200    0.00200    0.00200    0.00200    0.00200    0.00200    0.00200    0.00200    0.00200
to (.01C) :
    0.20000    0.20000    0.20000    0.20000    0.20000    0.20000    0.20000    0.20000    0.20000    0.20000    0.20000    0.20000    0.20000    0.20000    0.20000    0.20000    0.20000    0.20000    0.20000    0.20000    0.20000    0.20000    0.20000    0.20000    0.20000    0.20000    0.20000    0.20000    0.20000    0.20000    0.20000    0.20000    0.20000    0.20000    0.20000    0.20000    0.20000    0.20000    0.20000    0.20000    0.20000    0.20000    0.20000    0.20000    0.20000
q  (g/kg) :
    0.02446    0.02450    0.02458    0.02470    0.02488    0.02510    0.02538    0.02572    0.02613    0.02662    0.02719    0.02786    0.02864    0.02953    0.03055    0.03171    0.03302    0.03448    0.03612    0.03793    0.03995    0.04216    0.04458    0.04722    0.05008    0.05316    0.05645    0.05995    0.06364    0.06751    0.07153    0.07567    0.07989    0.08416    0.08842    0.09264    0.09674    0.10068    0.10437    0.10771    0.11062    0.11304    0.11491    0.11618    0.11682
rh    (%) :
   91.91819   91.94583   92.00091   92.08303   92.19165   92.32733   92.47947   92.64503   92.82459   93.01142   93.20432   93.39249   93.56822   93.72662   93.85805   93.95989   94.01535   94.02269   93.98012   93.87769   93.70150   93.46739   93.17425   92.79196   92.33569   91.81178   91.18609   90.48247   89.69773   88.82308   87.85395   86.78554   85.63049   84.37695   83.03632   81.56377   79.92723   77.87236   75.91796   74.29724   72.96571   71.90962   71.12233   70.60898   70.34815
pre(mm/a) :
    2.50114    2.51018    2.52832    2.55572    2.59256    2.63944    2.69671    2.76397    2.84187    2.93138    3.03314    3.14662    3.27324    3.41304    3.56439    3.72895    3.90644    4.09386    4.29360    4.50458    4.71976    4.94446    5.17726    5.41067    5.64831    5.88670    6.12141    6.35212    6.57965    6.80043    7.00844    7.20349    7.38541    7.54865    7.69109    7.79571    7.84648    7.76407    7.65197    7.56533    7.49476    7.43728    7.39340    7.36695    7.35174
rai(mm/a) :
    0.00000    0.00000    0.00000    0.00000    0.00000    0.00000    0.00000    0.00000    0.00000    0.00000    0.00000    0.00000    0.00000    0.00000    0.00000    0.00000    0.00000    0.00000    0.00000    0.00000    0.00000    0.00000    0.00000    0.00000    0.00000    0.00000    0.00000    0.00000    0.00000    0.00000    0.00000    0.00000    0.00000    0.00000    0.00000    0.00000    0.00000    0.00000    0.00000    0.00000    0.00000    0.00000    0.00000    0.00000    0.00000
sno(mm/a) :
    2.50114    2.51018    2.52832    2.55572    2.59256    2.63944    2.69671    2.76397    2.84187    2.93138    3.03314    3.14662    3.27324    3.41304    3.56439    3.72895    3.90644    4.09386    4.29360    4.50458    4.71976    4.94446    5.17726    5.41067    5.64831    5.88670    6.12141    6.35212    6.57965    6.80043    7.00844    7.20349    7.38541    7.54865    7.69109    7.79571    7.84648    7.76407    7.65197    7.56533    7.49476    7.43728    7.39340    7.36695    7.35174
ava(mm/a) :
    1.77643    1.77193    1.76342    1.75167    1.73762    1.72183    1.70566    1.68963    1.67491    1.66303    1.65265    1.64731    1.65290    1.66998    1.69974    1.73737    1.78800    1.84975    1.92395    2.01117    2.12263    2.25728    2.41621    2.61279    2.84861    3.12293    3.43917    3.80878    4.22345    4.68504    5.19925    5.76273    6.36352    6.99874    7.66311    8.27885    8.99101    9.75279   10.50929   11.20845   11.83084   12.36310   12.78280   13.06427   13.21070
pme(mm/a) :
    0.72471    0.73825    0.76490    0.80405    0.85494    0.91761    0.99105    1.07434    1.16696    1.26836    1.38049    1.49930    1.62034    1.74306    1.86465    1.99158    2.11844    2.24411    2.36965    2.49342    2.59713    2.68718    2.76105    2.79788    2.79970    2.76377    2.68224    2.54334    2.35620    2.11539    1.80919    1.44076    1.02189    0.54990    0.02798   -0.48314   -1.14453   -1.98872   -2.85731   -3.64313   -4.33608   -4.92582   -5.38940   -5.69732   -5.85896
pmi(mm/a) :
    0.72471    0.73825    0.76490    0.80405    0.85494    0.91761    0.99105    1.07434    1.16696    1.26836    1.38049    1.49930    1.62034    1.74306    1.86465    1.99158    2.11844    2.24411    2.36965    2.49342    2.59713    2.68718    2.76105    2.79788    2.79970    2.76377    2.68224    2.54334    2.35620    2.11539    1.80919    1.44076    1.02189    0.54990    0.02798   -0.48314   -1.14453   -1.98872   -2.85731   -3.64313   -4.33608   -4.92582   -5.38940   -5.69732   -5.85896
pereni :
    1.00000    1.00000    1.00000    1.00000    1.00000    1.00000    1.00000    1.00000    1.00000    1.00000    1.00000    1.00000    1.00000    1.00000    1.00000    1.00000    1.00000    1.00000    1.00000    1.00000    1.00000    1.00000    1.00000    1.00000    1.00000    1.00000    1.00000    1.00000    1.00000    1.00000    1.00000    1.00000    1.00000    1.00000    1.00000    1.00000    1.00000    1.00000    1.00000    1.00000    1.00000    1.00000    1.00000    1.00000    1.00000
hs   (cm) :
  999.94939  999.94994  999.95104  999.95265  999.95475  999.95722  999.95994  999.96302  999.96616  999.96944  999.97287  999.97621  999.97900  999.98111  999.98291  999.98465  999.98590  999.98718  999.98823  999.98923  999.98982  999.98968  999.98888  999.98651  999.98266  999.97618  999.96611  999.94978  999.92597  999.89208  999.84362  999.77635  999.68496  999.56874  999.43274    0.54887    0.44651    0.33558    0.22859    0.14286    0.07685    0.03134    0.00597    0.00000    0.00000
h     (m) :
 1287.53655 1287.33766 1286.94545 1286.36585 1285.60720 1284.74245 1283.73115 1282.57890 1281.34677 1279.96114 1278.51462 1276.91917 1275.17885 1273.33674 1271.40448 1269.43191 1267.41999 1265.38201 1263.33869 1261.29360 1259.21179 1257.13128 1255.06083 1252.96210 1250.85200 1248.73719 1246.60726 1244.43985 1242.24738 1239.99458 1237.60729 1234.99963 1232.02025 1228.18153 1221.21909 1205.41456 1201.81215 1200.37245 1199.38122 1198.68714 1198.19075 1197.82453 1197.57092 1197.41595 1197.33585
h    (cm) :
***************************************************************************************************************************************************************************************************************************************************************************************************************************************************************************************************************************************************************************************************************
f     (%) :
  100.00000  100.00000  100.00000  100.00000  100.00000  100.00000  100.00000  100.00000  100.00000  100.00000  100.00000  100.00000  100.00000  100.00000  100.00000  100.00000  100.00000  100.00000  100.00000  100.00000  100.00000  100.00000  100.00000  100.00000  100.00000  100.00000  100.00000  100.00000  100.00000  100.00000  100.00000  100.00000  100.00000  100.00000  100.00000  100.00000  100.00000  100.00000  100.00000  100.00000  100.00000  100.00000  100.00000  100.00000  100.00000
fmin  (%) :
  100.00000  100.00000  100.00000  100.00000  100.00000  100.00000  100.00000  100.00000  100.00000  100.00000  100.00000  100.00000  100.00000  100.00000  100.00000  100.00000  100.00000  100.00000  100.00000  100.00000  100.00000  100.00000  100.00000  100.00000  100.00000  100.00000  100.00000  100.00000  100.00000  100.00000  100.00000  100.00000  100.00000  100.00000  100.00000  100.00000  100.00000  100.00000  100.00000  100.00000  100.00000  100.00000  100.00000  100.00000  100.00000
fmax  (%) :
  100.00000  100.00000  100.00000  100.00000  100.00000  100.00000  100.00000  100.00000  100.00000  100.00000  100.00000  100.00000  100.00000  100.00000  100.00000  100.00000  100.00000  100.00000  100.00000  100.00000  100.00000  100.00000  100.00000  100.00000  100.00000  100.00000  100.00000  100.00000  100.00000  100.00000  100.00000  100.00000  100.00000  100.00000  100.00000  100.00000  100.00000  100.00000  100.00000  100.00000  100.00000  100.00000  100.00000  100.00000  100.00000
hmin (cm) :
***************************************************************************************************************************************************************************************************************************************************************************************************************************************************************************************************************************************************************************************************************
hmax (cm) :
***************************************************************************************************************************************************************************************************************************************************************************************************************************************************************************************************************************************************************************************************************
v   (m/a) :
       -0.38525   -0.77167   -1.16044   -1.55266   -1.94940   -2.35162   -2.76039   -3.17663   -3.60092   -4.03419   -4.47710   -4.93015   -5.39259   -5.86362   -6.34230   -6.82870   -7.32211   -7.82155   -8.32621   -8.83510   -9.34418   -9.85023  -10.34986  -10.83626  -11.30277  -11.74246  -12.14720  -12.50690  -12.81310  -13.05689  -13.22765  -13.31568  -13.31438  -13.22051  -13.05193  -12.61512  -11.86281  -10.89731   -9.73389   -8.39504   -6.90405   -5.28557   -3.56826   -1.78642    0.02896
v  (km/a) :
       -0.00039   -0.00077   -0.00116   -0.00155   -0.00195   -0.00235   -0.00276   -0.00318   -0.00360   -0.00403   -0.00448   -0.00493   -0.00539   -0.00586   -0.00634   -0.00683   -0.00732   -0.00782   -0.00833   -0.00884   -0.00934   -0.00985   -0.01035   -0.01084   -0.01130   -0.01174   -0.01215   -0.01251   -0.01281   -0.01306   -0.01323   -0.01332   -0.01331   -0.01322   -0.01305   -0.01262   -0.01186   -0.01090   -0.00973   -0.00840   -0.00690   -0.00529   -0.00357   -0.00179    0.00003
dhv(mm/a) :
   -4.47062   -4.47663   -4.48854   -4.50598   -4.52856   -4.55639   -4.58906   -4.62581   -4.66554   -4.70785   -4.75399   -4.79929   -4.83749   -4.86900   -4.89177   -4.91295   -4.92655   -4.93132   -4.92843   -4.91629   -4.87524   -4.81260   -4.72619   -4.59380   -4.41845   -4.19803   -3.92491   -3.58732   -3.19652   -2.74794   -2.23027   -1.64877   -1.01859   -0.34041    0.36935    2.60235    3.55626    4.70870    5.87000    6.91097    7.81995    8.58409    9.17733    9.56672    9.76853
dht(mm/a) :
    0.80523    0.82028    0.84989    0.89339    0.94993    1.01957    1.10117    1.19371    1.29662    1.40929    1.53388    1.66589    1.80038    1.93673    2.07183    2.21286    2.35382    2.49345    2.63294    2.77046    2.88570    2.98576    3.06783    3.10876    3.11078    3.07086    2.98027    2.82593    2.61800    2.35044    2.01021    1.60085    1.13544    0.61100    0.03109   -0.53682   -1.27169   -2.20968   -3.17479   -4.04792   -4.81786   -5.47313   -5.98822   -6.33036   -6.50995
dhb(mm/a) :
    4.09574    4.08681    4.06923    4.04333    4.00959    3.96803    3.91939    3.86392    3.80109    3.73112    3.65306    3.56677    3.47093    3.36656    3.25470    3.13534    3.00847    2.87408    2.73218    2.58300    2.42717    2.26494    2.09689    1.92401    1.74706    1.56697    1.38485    1.20198    1.01950    0.83888    0.66183    0.49011    0.32578    0.17249    0.04220   -1.61963   -1.83697   -2.05111   -2.24722   -2.41501   -2.55401   -2.66285   -2.74099   -2.78824   -2.81045
dh (mm/a) :
    4.90097    4.90709    4.91912    4.93672    4.95952    4.98759    5.02056    5.05763    5.09771    5.14040    5.18694    5.23267    5.27131    5.30329    5.32653    5.34820    5.36229    5.36753    5.36513    5.35346    5.31287    5.25069    5.16472    5.03277    4.85784    4.63782    4.36511    4.02791    3.63750    3.18932    2.67204    2.09095    1.46121    0.78349    0.07329   -2.15645   -3.10867   -4.26079   -5.42201   -6.46292   -7.37187   -8.13599   -8.72921   -9.11859   -9.32040
flb(W/m2) :
    0.09899    0.09891    0.09874    0.09849    0.09817    0.09778    0.09731    0.09679    0.09619    0.09552    0.09478    0.09396    0.09305    0.09205    0.09099    0.08985    0.08864    0.08736    0.08601    0.08459    0.08311    0.08156    0.07996    0.07832    0.07663    0.07492    0.07318    0.07144    0.06971    0.06799    0.06630    0.06467    0.06310    0.06164    0.06040    0.04458    0.04251    0.04047    0.03861    0.03701    0.03568    0.03465    0.03390    0.03345    0.03324
fim(mm/a) :
    0.00000    0.00000    0.00000    0.00000    0.00000    0.00000    0.00000    0.00000    0.00000    0.00000    0.00000    0.00000    0.00000    0.00000    0.00000    0.00000    0.00000    0.00000    0.00000    0.00000    0.00000    0.00000    0.00000    0.00000    0.00000    0.00000    0.00000    0.00000    0.00000    0.00000    0.00000    0.00000    0.00000    0.00000    0.00000    0.00000    0.00000    0.00000    0.00000    0.00000    0.00000    0.00000    0.00000    0.00000    0.00000
foi(W/m2) :
    0.06000    0.06000    0.06000    0.06000    0.06000    0.06000    0.06000    0.06000    0.06000    0.06000    0.06000    0.06000    0.06000    0.06000    0.06000    0.06000    0.06000    0.06000    0.06000    0.06000    0.06000    0.06000    0.06000    0.06000    0.06000    0.06000    0.06000    0.06000    0.06000    0.06000    0.06000    0.06000    0.06000    0.06000    0.06000    0.06000    0.06000    0.06000    0.06000    0.06000    0.06000    0.06000    0.06000    0.06000    0.06000
sob(W/m2) :
    0.00000    0.00000    0.00000    0.00000    0.00000    0.00000    0.00000    0.00000    0.00000    0.00000    0.00000    0.00000    0.00000    0.00000    0.00000    0.00000    0.00000    0.00000    0.00000    0.00000    0.00000    0.00000    0.00000    0.00000    0.00000    0.00000    0.00000    0.00000    0.00000    0.00000    0.00000    0.00000    0.00000    0.00000    0.00000    0.00000    0.00000    0.00000    0.00000    0.00000    0.00000    0.00000    0.00000    0.00000    0.00000
aflux(tW) :
        3.76253   15.08246   34.05405   60.82506   95.58325  138.53806  189.89830  249.84680  318.51268  395.94274  482.07280  576.70027  679.45915  789.79856  906.96570 1029.99428 1157.69913 1288.67742 1421.31699 1553.81189 1684.18493 1810.31707 1929.98297 2040.89208 2140.73415 2227.22823 2298.17385 2351.50289 2385.33106 2398.00724 2388.15945 2354.73612 2297.04131 2214.76295 2107.99301 1977.23902 1823.42635 1647.89108 1452.36341 1238.94189 1010.05895  768.43851  517.04659  259.03613   -2.31279
qflux(tW) :
        0.00896    0.03635    0.08359    0.15304    0.24782    0.37191    0.52991    0.72697    0.96877    1.26143    1.61204    2.02722    2.51254    3.07336    3.71404    4.44099    5.25869    6.17092    7.18160    8.29368    9.50123   10.80005   12.18370   13.63390   15.13137   16.65358   18.17173   19.64825   21.04871   22.33378   23.45521   24.36500   25.02137   25.38011   25.39862   25.07487   24.29918   22.93778   20.96468   18.43019   15.39500   11.93005    8.12506    4.09284   -0.05883
oflux(tW) :
        0.00000    0.00000    0.00000    0.00000    0.00000    0.00000    0.00000    0.00000    0.00000    0.00000    0.00000    0.00000    0.00000    0.00000    0.00000    0.00000    0.00000    0.00000    0.00000    0.00000    0.00000    0.00000    0.00000    0.00000    0.00000    0.00000    0.00000    0.00000    0.00000    0.00000    0.00000    0.00000    0.00000    0.00000    0.00000    0.00000    0.00000    0.00000    0.00000    0.00000    0.00000    0.00000    0.00000    0.00000    0.00000
